seq,frame_num,cam_view,gait_event,dataset,gait_pat,bbox,vid_info,id,url
cll74sxdi002s3o6ljm7imxsb,1645,left side,,Abnormal Gait,myopathic,"{'top': 0.0, 'left': 624.0, 'height': 448.0, 'width': 149.0}","{'height': 480, 'width': 854, 'mime_type': 'video/mp4'}",idpMyfZB8NY,https://www.youtube.com/watch?v=idpMyfZB8NY
cll74sxdi002s3o6ljm7imxsb,1646,left side,,Abnormal Gait,myopathic,"{'top': 0.0, 'left': 605.0, 'height': 460.0, 'width': 191.0}","{'height': 480, 'width': 854, 'mime_type': 'video/mp4'}",idpMyfZB8NY,https://www.youtube.com/watch?v=idpMyfZB8NY
cll74sxdi002s3o6ljm7imxsb,1647,left side,,Abnormal Gait,myopathic,"{'top': 0.0, 'left': 586.0, 'height': 472.0, 'width': 233.0}","{'height': 480, 'width': 854, 'mime_type': 'video/mp4'}",idpMyfZB8NY,https://www.youtube.com/watch?v=idpMyfZB8NY
cll74sxdi002s3o6ljm7imxsb,1648,left side,,Abnormal Gait,myopathic,"{'top': 0.0, 'left': 577.8, 'height': 472.4, 'width': 243.30000000000007}","{'height': 480, 'width': 854, 'mime_type': 'video/mp4'}",idpMyfZB8NY,https://www.youtube.com/watch?v=idpMyfZB8NY
cll74sxdi002s3o6ljm7imxsb,1649,left side,,Abnormal Gait,myopathic,"{'top': 0.0, 'left': 569.6, 'height': 472.8, 'width': 253.60000000000002}","{'height': 480, 'width': 854, 'mime_type': 'video/mp4'}",idpMyfZB8NY,https://www.youtube.com/watch?v=idpMyfZB8NY
cll74sxdi002s3o6ljm7imxsb,1650,left side,,Abnormal Gait,myopathic,"{'top': 0.0, 'left': 561.4, 'height': 473.2, 'width': 263.9}","{'height': 480, 'width': 854, 'mime_type': 'video/mp4'}",idpMyfZB8NY,https://www.youtube.com/watch?v=idpMyfZB8NY
cll74sxdi002s3o6ljm7imxsb,1651,left side,,Abnormal Gait,myopathic,"{'top': 0.0, 'left': 553.2, 'height': 473.6, 'width': 274.19999999999993}","{'height': 480, 'width': 854, 'mime_type': 'video/mp4'}",idpMyfZB8NY,https://www.youtube.com/watch?v=idpMyfZB8NY
cll74sxdi002s3o6ljm7imxsb,1652,left side,,Abnormal Gait,myopathic,"{'top': 0.0, 'left': 545.0, 'height': 474.0, 'width': 284.5}","{'height': 480, 'width': 854, 'mime_type': 'video/mp4'}",idpMyfZB8NY,https://www.youtube.com/watch?v=idpMyfZB8NY
cll74sxdi002s3o6ljm7imxsb,1653,left side,,Abnormal Gait,myopathic,"{'top': 0.0, 'left': 536.8, 'height': 474.4, 'width': 294.80000000000007}","{'height': 480, 'width': 854, 'mime_type': 'video/mp4'}",idpMyfZB8NY,https://www.youtube.com/watch?v=idpMyfZB8NY
cll74sxdi002s3o6ljm7imxsb,1654,left side,,Abnormal Gait,myopathic,"{'top': 0.0, 'left': 528.6, 'height': 474.8, 'width': 305.1}","{'height': 480, 'width': 854, 'mime_type': 'video/mp4'}",idpMyfZB8NY,https://www.youtube.com/watch?v=idpMyfZB8NY
cll74sxdi002s3o6ljm7imxsb,1655,left side,,Abnormal Gait,myopathic,"{'top': 0.0, 'left': 520.4, 'height': 475.2, 'width': 315.4}","{'height': 480, 'width': 854, 'mime_type': 'video/mp4'}",idpMyfZB8NY,https://www.youtube.com/watch?v=idpMyfZB8NY
cll74sxdi002s3o6ljm7imxsb,1656,left side,,Abnormal Gait,myopathic,"{'top': 0.0, 'left': 512.2, 'height': 475.6, 'width': 325.69999999999993}","{'height': 480, 'width': 854, 'mime_type': 'video/mp4'}",idpMyfZB8NY,https://www.youtube.com/watch?v=idpMyfZB8NY
cll74sxdi002s3o6ljm7imxsb,1657,left side,,Abnormal Gait,myopathic,"{'top': 0.0, 'left': 504.0, 'height': 476.0, 'width': 336.0}","{'height': 480, 'width': 854, 'mime_type': 'video/mp4'}",idpMyfZB8NY,https://www.youtube.com/watch?v=idpMyfZB8NY
cll74sxdi002s3o6ljm7imxsb,1658,left side,,Abnormal Gait,myopathic,"{'top': 0.0, 'left': 507.1111111111111, 'height': 475.8888888888889, 'width': 334.44444444444446}","{'height': 480, 'width': 854, 'mime_type': 'video/mp4'}",idpMyfZB8NY,https://www.youtube.com/watch?v=idpMyfZB8NY
cll74sxdi002s3o6ljm7imxsb,1659,left side,,Abnormal Gait,myopathic,"{'top': 0.0, 'left': 510.22222222222223, 'height': 475.77777777777777, 'width': 332.88888888888886}","{'height': 480, 'width': 854, 'mime_type': 'video/mp4'}",idpMyfZB8NY,https://www.youtube.com/watch?v=idpMyfZB8NY
cll74sxdi002s3o6ljm7imxsb,1660,left side,,Abnormal Gait,myopathic,"{'top': 0.0, 'left': 513.3333333333334, 'height': 475.6666666666667, 'width': 331.33333333333326}","{'height': 480, 'width': 854, 'mime_type': 'video/mp4'}",idpMyfZB8NY,https://www.youtube.com/watch?v=idpMyfZB8NY
cll74sxdi002s3o6ljm7imxsb,1661,left side,,Abnormal Gait,myopathic,"{'top': 0.0, 'left': 516.4444444444445, 'height': 475.55555555555554, 'width': 329.7777777777777}","{'height': 480, 'width': 854, 'mime_type': 'video/mp4'}",idpMyfZB8NY,https://www.youtube.com/watch?v=idpMyfZB8NY
cll74sxdi002s3o6ljm7imxsb,1662,left side,,Abnormal Gait,myopathic,"{'top': 0.0, 'left': 519.5555555555555, 'height': 475.44444444444446, 'width': 328.2222222222223}","{'height': 480, 'width': 854, 'mime_type': 'video/mp4'}",idpMyfZB8NY,https://www.youtube.com/watch?v=idpMyfZB8NY
cll74sxdi002s3o6ljm7imxsb,1663,left side,,Abnormal Gait,myopathic,"{'top': 0.0, 'left': 522.6666666666666, 'height': 475.3333333333333, 'width': 326.66666666666674}","{'height': 480, 'width': 854, 'mime_type': 'video/mp4'}",idpMyfZB8NY,https://www.youtube.com/watch?v=idpMyfZB8NY
cll74sxdi002s3o6ljm7imxsb,1664,left side,,Abnormal Gait,myopathic,"{'top': 0.0, 'left': 525.7777777777778, 'height': 475.22222222222223, 'width': 325.1111111111111}","{'height': 480, 'width': 854, 'mime_type': 'video/mp4'}",idpMyfZB8NY,https://www.youtube.com/watch?v=idpMyfZB8NY
cll74sxdi002s3o6ljm7imxsb,1665,left side,,Abnormal Gait,myopathic,"{'top': 0.0, 'left': 528.8888888888889, 'height': 475.1111111111111, 'width': 323.55555555555554}","{'height': 480, 'width': 854, 'mime_type': 'video/mp4'}",idpMyfZB8NY,https://www.youtube.com/watch?v=idpMyfZB8NY
cll74sxdi002s3o6ljm7imxsb,1666,left side,,Abnormal Gait,myopathic,"{'top': 0.0, 'left': 532.0, 'height': 475.0, 'width': 322.0}","{'height': 480, 'width': 854, 'mime_type': 'video/mp4'}",idpMyfZB8NY,https://www.youtube.com/watch?v=idpMyfZB8NY
cll74sxdi002s3o6ljm7imxsb,1667,left side,,Abnormal Gait,myopathic,"{'top': 0.16129032258064502, 'left': 527.6774193548387, 'height': 474.9032258064516, 'width': 320.45161290322585}","{'height': 480, 'width': 854, 'mime_type': 'video/mp4'}",idpMyfZB8NY,https://www.youtube.com/watch?v=idpMyfZB8NY
cll74sxdi002s3o6ljm7imxsb,1668,left side,,Abnormal Gait,myopathic,"{'top': 0.32258064516129004, 'left': 523.3548387096774, 'height': 474.80645161290323, 'width': 318.9032258064516}","{'height': 480, 'width': 854, 'mime_type': 'video/mp4'}",idpMyfZB8NY,https://www.youtube.com/watch?v=idpMyfZB8NY
cll74sxdi002s3o6ljm7imxsb,1669,left side,,Abnormal Gait,myopathic,"{'top': 0.48387096774193505, 'left': 519.0322580645161, 'height': 474.7096774193548, 'width': 317.35483870967744}","{'height': 480, 'width': 854, 'mime_type': 'video/mp4'}",idpMyfZB8NY,https://www.youtube.com/watch?v=idpMyfZB8NY
cll74sxdi002s3o6ljm7imxsb,1670,left side,,Abnormal Gait,myopathic,"{'top': 0.6451612903225801, 'left': 514.7096774193549, 'height': 474.61290322580646, 'width': 315.8064516129032}","{'height': 480, 'width': 854, 'mime_type': 'video/mp4'}",idpMyfZB8NY,https://www.youtube.com/watch?v=idpMyfZB8NY
cll74sxdi002s3o6ljm7imxsb,1671,left side,,Abnormal Gait,myopathic,"{'top': 0.8064516129032251, 'left': 510.38709677419354, 'height': 474.51612903225805, 'width': 314.258064516129}","{'height': 480, 'width': 854, 'mime_type': 'video/mp4'}",idpMyfZB8NY,https://www.youtube.com/watch?v=idpMyfZB8NY
cll74sxdi002s3o6ljm7imxsb,1672,left side,,Abnormal Gait,myopathic,"{'top': 0.9677419354838711, 'left': 506.06451612903226, 'height': 474.4193548387097, 'width': 312.7096774193548}","{'height': 480, 'width': 854, 'mime_type': 'video/mp4'}",idpMyfZB8NY,https://www.youtube.com/watch?v=idpMyfZB8NY
cll74sxdi002s3o6ljm7imxsb,1673,left side,,Abnormal Gait,myopathic,"{'top': 1.129032258064516, 'left': 501.741935483871, 'height': 474.3225806451613, 'width': 311.1612903225806}","{'height': 480, 'width': 854, 'mime_type': 'video/mp4'}",idpMyfZB8NY,https://www.youtube.com/watch?v=idpMyfZB8NY
cll74sxdi002s3o6ljm7imxsb,1674,left side,,Abnormal Gait,myopathic,"{'top': 1.290322580645161, 'left': 497.4193548387097, 'height': 474.22580645161287, 'width': 309.6129032258064}","{'height': 480, 'width': 854, 'mime_type': 'video/mp4'}",idpMyfZB8NY,https://www.youtube.com/watch?v=idpMyfZB8NY
cll74sxdi002s3o6ljm7imxsb,1675,left side,,Abnormal Gait,myopathic,"{'top': 1.451612903225806, 'left': 493.0967741935484, 'height': 474.1290322580645, 'width': 308.0645161290322}","{'height': 480, 'width': 854, 'mime_type': 'video/mp4'}",idpMyfZB8NY,https://www.youtube.com/watch?v=idpMyfZB8NY
cll74sxdi002s3o6ljm7imxsb,1676,left side,,Abnormal Gait,myopathic,"{'top': 1.612903225806451, 'left': 488.7741935483871, 'height': 474.0322580645161, 'width': 306.51612903225805}","{'height': 480, 'width': 854, 'mime_type': 'video/mp4'}",idpMyfZB8NY,https://www.youtube.com/watch?v=idpMyfZB8NY
cll74sxdi002s3o6ljm7imxsb,1677,left side,,Abnormal Gait,myopathic,"{'top': 1.774193548387097, 'left': 484.4516129032258, 'height': 473.93548387096774, 'width': 304.96774193548384}","{'height': 480, 'width': 854, 'mime_type': 'video/mp4'}",idpMyfZB8NY,https://www.youtube.com/watch?v=idpMyfZB8NY
cll74sxdi002s3o6ljm7imxsb,1678,left side,,Abnormal Gait,myopathic,"{'top': 1.935483870967742, 'left': 480.1290322580645, 'height': 473.83870967741933, 'width': 303.41935483870964}","{'height': 480, 'width': 854, 'mime_type': 'video/mp4'}",idpMyfZB8NY,https://www.youtube.com/watch?v=idpMyfZB8NY
cll74sxdi002s3o6ljm7imxsb,1679,left side,,Abnormal Gait,myopathic,"{'top': 2.096774193548387, 'left': 475.80645161290323, 'height': 473.7419354838709, 'width': 301.87096774193543}","{'height': 480, 'width': 854, 'mime_type': 'video/mp4'}",idpMyfZB8NY,https://www.youtube.com/watch?v=idpMyfZB8NY
cll74sxdi002s3o6ljm7imxsb,1680,left side,,Abnormal Gait,myopathic,"{'top': 2.258064516129032, 'left': 471.48387096774195, 'height': 473.64516129032256, 'width': 300.3225806451612}","{'height': 480, 'width': 854, 'mime_type': 'video/mp4'}",idpMyfZB8NY,https://www.youtube.com/watch?v=idpMyfZB8NY
cll74sxdi002s3o6ljm7imxsb,1681,left side,,Abnormal Gait,myopathic,"{'top': 2.419354838709677, 'left': 467.1612903225806, 'height': 473.54838709677415, 'width': 298.7741935483872}","{'height': 480, 'width': 854, 'mime_type': 'video/mp4'}",idpMyfZB8NY,https://www.youtube.com/watch?v=idpMyfZB8NY
cll74sxdi002s3o6ljm7imxsb,1682,left side,,Abnormal Gait,myopathic,"{'top': 2.580645161290322, 'left': 462.8387096774194, 'height': 473.45161290322585, 'width': 297.2258064516128}","{'height': 480, 'width': 854, 'mime_type': 'video/mp4'}",idpMyfZB8NY,https://www.youtube.com/watch?v=idpMyfZB8NY
cll74sxdi002s3o6ljm7imxsb,1683,left side,,Abnormal Gait,myopathic,"{'top': 2.741935483870967, 'left': 458.51612903225805, 'height': 473.35483870967744, 'width': 295.6774193548388}","{'height': 480, 'width': 854, 'mime_type': 'video/mp4'}",idpMyfZB8NY,https://www.youtube.com/watch?v=idpMyfZB8NY
cll74sxdi002s3o6ljm7imxsb,1684,left side,,Abnormal Gait,myopathic,"{'top': 2.903225806451613, 'left': 454.19354838709677, 'height': 473.2580645161291, 'width': 294.12903225806446}","{'height': 480, 'width': 854, 'mime_type': 'video/mp4'}",idpMyfZB8NY,https://www.youtube.com/watch?v=idpMyfZB8NY
cll74sxdi002s3o6ljm7imxsb,1685,left side,,Abnormal Gait,myopathic,"{'top': 3.064516129032258, 'left': 449.8709677419355, 'height': 473.16129032258067, 'width': 292.58064516129036}","{'height': 480, 'width': 854, 'mime_type': 'video/mp4'}",idpMyfZB8NY,https://www.youtube.com/watch?v=idpMyfZB8NY
cll74sxdi002s3o6ljm7imxsb,1686,left side,,Abnormal Gait,myopathic,"{'top': 3.225806451612903, 'left': 445.5483870967742, 'height': 473.06451612903226, 'width': 291.03225806451616}","{'height': 480, 'width': 854, 'mime_type': 'video/mp4'}",idpMyfZB8NY,https://www.youtube.com/watch?v=idpMyfZB8NY
cll74sxdi002s3o6ljm7imxsb,1687,left side,,Abnormal Gait,myopathic,"{'top': 3.387096774193548, 'left': 441.2258064516129, 'height': 472.9677419354839, 'width': 289.48387096774195}","{'height': 480, 'width': 854, 'mime_type': 'video/mp4'}",idpMyfZB8NY,https://www.youtube.com/watch?v=idpMyfZB8NY
cll74sxdi002s3o6ljm7imxsb,1688,left side,,Abnormal Gait,myopathic,"{'top': 3.548387096774194, 'left': 436.9032258064516, 'height': 472.8709677419355, 'width': 287.9354838709678}","{'height': 480, 'width': 854, 'mime_type': 'video/mp4'}",idpMyfZB8NY,https://www.youtube.com/watch?v=idpMyfZB8NY
cll74sxdi002s3o6ljm7imxsb,1689,left side,,Abnormal Gait,myopathic,"{'top': 3.709677419354839, 'left': 432.5806451612903, 'height': 472.77419354838713, 'width': 286.3870967741936}","{'height': 480, 'width': 854, 'mime_type': 'video/mp4'}",idpMyfZB8NY,https://www.youtube.com/watch?v=idpMyfZB8NY
cll74sxdi002s3o6ljm7imxsb,1690,left side,,Abnormal Gait,myopathic,"{'top': 3.870967741935484, 'left': 428.258064516129, 'height': 472.6774193548387, 'width': 284.8387096774194}","{'height': 480, 'width': 854, 'mime_type': 'video/mp4'}",idpMyfZB8NY,https://www.youtube.com/watch?v=idpMyfZB8NY
cll74sxdi002s3o6ljm7imxsb,1691,left side,,Abnormal Gait,myopathic,"{'top': 4.032258064516129, 'left': 423.93548387096774, 'height': 472.5806451612903, 'width': 283.2903225806452}","{'height': 480, 'width': 854, 'mime_type': 'video/mp4'}",idpMyfZB8NY,https://www.youtube.com/watch?v=idpMyfZB8NY
cll74sxdi002s3o6ljm7imxsb,1692,left side,,Abnormal Gait,myopathic,"{'top': 4.193548387096774, 'left': 419.61290322580646, 'height': 472.48387096774195, 'width': 281.741935483871}","{'height': 480, 'width': 854, 'mime_type': 'video/mp4'}",idpMyfZB8NY,https://www.youtube.com/watch?v=idpMyfZB8NY
cll74sxdi002s3o6ljm7imxsb,1693,left side,,Abnormal Gait,myopathic,"{'top': 4.354838709677419, 'left': 415.2903225806452, 'height': 472.38709677419354, 'width': 280.19354838709677}","{'height': 480, 'width': 854, 'mime_type': 'video/mp4'}",idpMyfZB8NY,https://www.youtube.com/watch?v=idpMyfZB8NY
cll74sxdi002s3o6ljm7imxsb,1694,left side,,Abnormal Gait,myopathic,"{'top': 4.516129032258064, 'left': 410.9677419354839, 'height': 472.2903225806452, 'width': 278.64516129032256}","{'height': 480, 'width': 854, 'mime_type': 'video/mp4'}",idpMyfZB8NY,https://www.youtube.com/watch?v=idpMyfZB8NY
cll74sxdi002s3o6ljm7imxsb,1695,left side,,Abnormal Gait,myopathic,"{'top': 4.677419354838709, 'left': 406.64516129032256, 'height': 472.19354838709677, 'width': 277.0967741935484}","{'height': 480, 'width': 854, 'mime_type': 'video/mp4'}",idpMyfZB8NY,https://www.youtube.com/watch?v=idpMyfZB8NY
cll74sxdi002s3o6ljm7imxsb,1696,left side,,Abnormal Gait,myopathic,"{'top': 4.838709677419355, 'left': 402.3225806451613, 'height': 472.0967741935484, 'width': 275.5483870967742}","{'height': 480, 'width': 854, 'mime_type': 'video/mp4'}",idpMyfZB8NY,https://www.youtube.com/watch?v=idpMyfZB8NY
cll74sxdi002s3o6ljm7imxsb,1697,left side,,Abnormal Gait,myopathic,"{'top': 5.0, 'left': 398.0, 'height': 472.0, 'width': 274.0}","{'height': 480, 'width': 854, 'mime_type': 'video/mp4'}",idpMyfZB8NY,https://www.youtube.com/watch?v=idpMyfZB8NY
cll74sxdi002s3o6ljm7imxsb,1698,left side,,Abnormal Gait,myopathic,"{'top': 5.0, 'left': 387.5, 'height': 472.25, 'width': 289.0}","{'height': 480, 'width': 854, 'mime_type': 'video/mp4'}",idpMyfZB8NY,https://www.youtube.com/watch?v=idpMyfZB8NY
cll74sxdi002s3o6ljm7imxsb,1699,left side,,Abnormal Gait,myopathic,"{'top': 5.0, 'left': 377.0, 'height': 472.5, 'width': 304.0}","{'height': 480, 'width': 854, 'mime_type': 'video/mp4'}",idpMyfZB8NY,https://www.youtube.com/watch?v=idpMyfZB8NY
cll74sxdi002s3o6ljm7imxsb,1700,left side,,Abnormal Gait,myopathic,"{'top': 5.0, 'left': 366.5, 'height': 472.75, 'width': 319.0}","{'height': 480, 'width': 854, 'mime_type': 'video/mp4'}",idpMyfZB8NY,https://www.youtube.com/watch?v=idpMyfZB8NY
cll74sxdi002s3o6ljm7imxsb,1701,left side,,Abnormal Gait,myopathic,"{'top': 5.0, 'left': 356.0, 'height': 473.0, 'width': 334.0}","{'height': 480, 'width': 854, 'mime_type': 'video/mp4'}",idpMyfZB8NY,https://www.youtube.com/watch?v=idpMyfZB8NY
cll74sxdi002s3o6ljm7imxsb,1702,left side,,Abnormal Gait,myopathic,"{'top': 4.962962962962963, 'left': 350.3333333333333, 'height': 473.1111111111111, 'width': 333.6666666666667}","{'height': 480, 'width': 854, 'mime_type': 'video/mp4'}",idpMyfZB8NY,https://www.youtube.com/watch?v=idpMyfZB8NY
cll74sxdi002s3o6ljm7imxsb,1703,left side,,Abnormal Gait,myopathic,"{'top': 4.925925925925926, 'left': 344.6666666666667, 'height': 473.22222222222223, 'width': 333.3333333333333}","{'height': 480, 'width': 854, 'mime_type': 'video/mp4'}",idpMyfZB8NY,https://www.youtube.com/watch?v=idpMyfZB8NY
cll74sxdi002s3o6ljm7imxsb,1704,left side,,Abnormal Gait,myopathic,"{'top': 4.888888888888889, 'left': 339.0, 'height': 473.3333333333333, 'width': 333.0}","{'height': 480, 'width': 854, 'mime_type': 'video/mp4'}",idpMyfZB8NY,https://www.youtube.com/watch?v=idpMyfZB8NY
cll74sxdi002s3o6ljm7imxsb,1705,left side,,Abnormal Gait,myopathic,"{'top': 4.851851851851852, 'left': 333.3333333333333, 'height': 473.44444444444446, 'width': 332.6666666666667}","{'height': 480, 'width': 854, 'mime_type': 'video/mp4'}",idpMyfZB8NY,https://www.youtube.com/watch?v=idpMyfZB8NY
cll74sxdi002s3o6ljm7imxsb,1706,left side,,Abnormal Gait,myopathic,"{'top': 4.814814814814815, 'left': 327.6666666666667, 'height': 473.55555555555554, 'width': 332.3333333333333}","{'height': 480, 'width': 854, 'mime_type': 'video/mp4'}",idpMyfZB8NY,https://www.youtube.com/watch?v=idpMyfZB8NY
cll74sxdi002s3o6ljm7imxsb,1707,left side,,Abnormal Gait,myopathic,"{'top': 4.777777777777778, 'left': 322.0, 'height': 473.6666666666667, 'width': 332.0}","{'height': 480, 'width': 854, 'mime_type': 'video/mp4'}",idpMyfZB8NY,https://www.youtube.com/watch?v=idpMyfZB8NY
cll74sxdi002s3o6ljm7imxsb,1708,left side,,Abnormal Gait,myopathic,"{'top': 4.7407407407407405, 'left': 316.3333333333333, 'height': 473.77777777777777, 'width': 331.6666666666667}","{'height': 480, 'width': 854, 'mime_type': 'video/mp4'}",idpMyfZB8NY,https://www.youtube.com/watch?v=idpMyfZB8NY
cll74sxdi002s3o6ljm7imxsb,1709,left side,,Abnormal Gait,myopathic,"{'top': 4.703703703703704, 'left': 310.6666666666667, 'height': 473.8888888888889, 'width': 331.3333333333333}","{'height': 480, 'width': 854, 'mime_type': 'video/mp4'}",idpMyfZB8NY,https://www.youtube.com/watch?v=idpMyfZB8NY
cll74sxdi002s3o6ljm7imxsb,1710,left side,,Abnormal Gait,myopathic,"{'top': 4.666666666666667, 'left': 305.0, 'height': 474.0, 'width': 331.0}","{'height': 480, 'width': 854, 'mime_type': 'video/mp4'}",idpMyfZB8NY,https://www.youtube.com/watch?v=idpMyfZB8NY
cll74sxdi002s3o6ljm7imxsb,1711,left side,,Abnormal Gait,myopathic,"{'top': 4.62962962962963, 'left': 299.3333333333333, 'height': 474.11111111111114, 'width': 330.6666666666667}","{'height': 480, 'width': 854, 'mime_type': 'video/mp4'}",idpMyfZB8NY,https://www.youtube.com/watch?v=idpMyfZB8NY
cll74sxdi002s3o6ljm7imxsb,1712,left side,,Abnormal Gait,myopathic,"{'top': 4.5925925925925934, 'left': 293.6666666666667, 'height': 474.22222222222223, 'width': 330.3333333333333}","{'height': 480, 'width': 854, 'mime_type': 'video/mp4'}",idpMyfZB8NY,https://www.youtube.com/watch?v=idpMyfZB8NY
cll74sxdi002s3o6ljm7imxsb,1713,left side,,Abnormal Gait,myopathic,"{'top': 4.555555555555555, 'left': 288.0, 'height': 474.33333333333337, 'width': 330.0}","{'height': 480, 'width': 854, 'mime_type': 'video/mp4'}",idpMyfZB8NY,https://www.youtube.com/watch?v=idpMyfZB8NY
cll74sxdi002s3o6ljm7imxsb,1714,left side,,Abnormal Gait,myopathic,"{'top': 4.518518518518518, 'left': 282.33333333333337, 'height': 474.44444444444446, 'width': 329.66666666666663}","{'height': 480, 'width': 854, 'mime_type': 'video/mp4'}",idpMyfZB8NY,https://www.youtube.com/watch?v=idpMyfZB8NY
cll74sxdi002s3o6ljm7imxsb,1715,left side,,Abnormal Gait,myopathic,"{'top': 4.481481481481482, 'left': 276.6666666666667, 'height': 474.55555555555554, 'width': 329.3333333333333}","{'height': 480, 'width': 854, 'mime_type': 'video/mp4'}",idpMyfZB8NY,https://www.youtube.com/watch?v=idpMyfZB8NY
cll74sxdi002s3o6ljm7imxsb,1716,left side,,Abnormal Gait,myopathic,"{'top': 4.444444444444445, 'left': 271.0, 'height': 474.66666666666663, 'width': 329.0}","{'height': 480, 'width': 854, 'mime_type': 'video/mp4'}",idpMyfZB8NY,https://www.youtube.com/watch?v=idpMyfZB8NY
cll74sxdi002s3o6ljm7imxsb,1717,left side,,Abnormal Gait,myopathic,"{'top': 4.407407407407407, 'left': 265.33333333333337, 'height': 474.77777777777777, 'width': 328.66666666666663}","{'height': 480, 'width': 854, 'mime_type': 'video/mp4'}",idpMyfZB8NY,https://www.youtube.com/watch?v=idpMyfZB8NY
cll74sxdi002s3o6ljm7imxsb,1718,left side,,Abnormal Gait,myopathic,"{'top': 4.37037037037037, 'left': 259.66666666666663, 'height': 474.88888888888886, 'width': 328.33333333333337}","{'height': 480, 'width': 854, 'mime_type': 'video/mp4'}",idpMyfZB8NY,https://www.youtube.com/watch?v=idpMyfZB8NY
cll74sxdi002s3o6ljm7imxsb,1719,left side,,Abnormal Gait,myopathic,"{'top': 4.333333333333333, 'left': 254.0, 'height': 475.0, 'width': 328.0}","{'height': 480, 'width': 854, 'mime_type': 'video/mp4'}",idpMyfZB8NY,https://www.youtube.com/watch?v=idpMyfZB8NY
cll74sxdi002s3o6ljm7imxsb,1720,left side,,Abnormal Gait,myopathic,"{'top': 4.296296296296296, 'left': 248.33333333333331, 'height': 475.1111111111111, 'width': 327.6666666666667}","{'height': 480, 'width': 854, 'mime_type': 'video/mp4'}",idpMyfZB8NY,https://www.youtube.com/watch?v=idpMyfZB8NY
cll74sxdi002s3o6ljm7imxsb,1721,left side,,Abnormal Gait,myopathic,"{'top': 4.259259259259259, 'left': 242.66666666666669, 'height': 475.22222222222223, 'width': 327.3333333333333}","{'height': 480, 'width': 854, 'mime_type': 'video/mp4'}",idpMyfZB8NY,https://www.youtube.com/watch?v=idpMyfZB8NY
cll74sxdi002s3o6ljm7imxsb,1722,left side,,Abnormal Gait,myopathic,"{'top': 4.222222222222222, 'left': 237.0, 'height': 475.3333333333333, 'width': 327.0}","{'height': 480, 'width': 854, 'mime_type': 'video/mp4'}",idpMyfZB8NY,https://www.youtube.com/watch?v=idpMyfZB8NY
cll74sxdi002s3o6ljm7imxsb,1723,left side,,Abnormal Gait,myopathic,"{'top': 4.185185185185185, 'left': 231.33333333333334, 'height': 475.44444444444446, 'width': 326.66666666666663}","{'height': 480, 'width': 854, 'mime_type': 'video/mp4'}",idpMyfZB8NY,https://www.youtube.com/watch?v=idpMyfZB8NY
cll74sxdi002s3o6ljm7imxsb,1724,left side,,Abnormal Gait,myopathic,"{'top': 4.148148148148148, 'left': 225.66666666666666, 'height': 475.55555555555554, 'width': 326.33333333333337}","{'height': 480, 'width': 854, 'mime_type': 'video/mp4'}",idpMyfZB8NY,https://www.youtube.com/watch?v=idpMyfZB8NY
cll74sxdi002s3o6ljm7imxsb,1725,left side,,Abnormal Gait,myopathic,"{'top': 4.111111111111111, 'left': 220.0, 'height': 475.6666666666667, 'width': 326.0}","{'height': 480, 'width': 854, 'mime_type': 'video/mp4'}",idpMyfZB8NY,https://www.youtube.com/watch?v=idpMyfZB8NY
cll74sxdi002s3o6ljm7imxsb,1726,left side,,Abnormal Gait,myopathic,"{'top': 4.074074074074074, 'left': 214.33333333333334, 'height': 475.77777777777777, 'width': 325.66666666666663}","{'height': 480, 'width': 854, 'mime_type': 'video/mp4'}",idpMyfZB8NY,https://www.youtube.com/watch?v=idpMyfZB8NY
cll74sxdi002s3o6ljm7imxsb,1727,left side,,Abnormal Gait,myopathic,"{'top': 4.037037037037037, 'left': 208.66666666666669, 'height': 475.8888888888889, 'width': 325.3333333333333}","{'height': 480, 'width': 854, 'mime_type': 'video/mp4'}",idpMyfZB8NY,https://www.youtube.com/watch?v=idpMyfZB8NY
cll74sxdi002s3o6ljm7imxsb,1728,left side,,Abnormal Gait,myopathic,"{'top': 4.0, 'left': 203.0, 'height': 476.0, 'width': 325.0}","{'height': 480, 'width': 854, 'mime_type': 'video/mp4'}",idpMyfZB8NY,https://www.youtube.com/watch?v=idpMyfZB8NY
cll74sxdi002s3o6ljm7imxsb,1729,left side,,Abnormal Gait,myopathic,"{'top': 4.0, 'left': 190.4, 'height': 476.0, 'width': 327.70000000000005}","{'height': 480, 'width': 854, 'mime_type': 'video/mp4'}",idpMyfZB8NY,https://www.youtube.com/watch?v=idpMyfZB8NY
cll74sxdi002s3o6ljm7imxsb,1730,left side,,Abnormal Gait,myopathic,"{'top': 4.0, 'left': 177.8, 'height': 476.0, 'width': 330.4}","{'height': 480, 'width': 854, 'mime_type': 'video/mp4'}",idpMyfZB8NY,https://www.youtube.com/watch?v=idpMyfZB8NY
cll74sxdi002s3o6ljm7imxsb,1731,left side,,Abnormal Gait,myopathic,"{'top': 4.0, 'left': 165.2, 'height': 476.0, 'width': 333.1}","{'height': 480, 'width': 854, 'mime_type': 'video/mp4'}",idpMyfZB8NY,https://www.youtube.com/watch?v=idpMyfZB8NY
cll74sxdi002s3o6ljm7imxsb,1732,left side,,Abnormal Gait,myopathic,"{'top': 4.0, 'left': 152.6, 'height': 476.0, 'width': 335.79999999999995}","{'height': 480, 'width': 854, 'mime_type': 'video/mp4'}",idpMyfZB8NY,https://www.youtube.com/watch?v=idpMyfZB8NY
cll74sxdi002s3o6ljm7imxsb,1733,left side,,Abnormal Gait,myopathic,"{'top': 4.0, 'left': 140.0, 'height': 476.0, 'width': 338.5}","{'height': 480, 'width': 854, 'mime_type': 'video/mp4'}",idpMyfZB8NY,https://www.youtube.com/watch?v=idpMyfZB8NY
cll74sxdi002s3o6ljm7imxsb,1734,left side,,Abnormal Gait,myopathic,"{'top': 4.0, 'left': 127.4, 'height': 476.0, 'width': 341.20000000000005}","{'height': 480, 'width': 854, 'mime_type': 'video/mp4'}",idpMyfZB8NY,https://www.youtube.com/watch?v=idpMyfZB8NY
cll74sxdi002s3o6ljm7imxsb,1735,left side,,Abnormal Gait,myopathic,"{'top': 4.0, 'left': 114.80000000000001, 'height': 476.0, 'width': 343.9}","{'height': 480, 'width': 854, 'mime_type': 'video/mp4'}",idpMyfZB8NY,https://www.youtube.com/watch?v=idpMyfZB8NY
cll74sxdi002s3o6ljm7imxsb,1736,left side,,Abnormal Gait,myopathic,"{'top': 4.0, 'left': 102.19999999999999, 'height': 476.0, 'width': 346.6}","{'height': 480, 'width': 854, 'mime_type': 'video/mp4'}",idpMyfZB8NY,https://www.youtube.com/watch?v=idpMyfZB8NY
cll74sxdi002s3o6ljm7imxsb,1737,left side,,Abnormal Gait,myopathic,"{'top': 4.0, 'left': 89.6, 'height': 476.0, 'width': 349.29999999999995}","{'height': 480, 'width': 854, 'mime_type': 'video/mp4'}",idpMyfZB8NY,https://www.youtube.com/watch?v=idpMyfZB8NY
cll74sxdi002s3o6ljm7imxsb,1738,left side,,Abnormal Gait,myopathic,"{'top': 4.0, 'left': 77.0, 'height': 476.0, 'width': 352.0}","{'height': 480, 'width': 854, 'mime_type': 'video/mp4'}",idpMyfZB8NY,https://www.youtube.com/watch?v=idpMyfZB8NY
cll74sxdi002s3o6ljm7imxsb,1739,left side,,Abnormal Gait,myopathic,"{'top': 4.0, 'left': 74.0, 'height': 475.6666666666667, 'width': 367.0}","{'height': 480, 'width': 854, 'mime_type': 'video/mp4'}",idpMyfZB8NY,https://www.youtube.com/watch?v=idpMyfZB8NY
cll74sxdi002s3o6ljm7imxsb,1740,left side,,Abnormal Gait,myopathic,"{'top': 4.0, 'left': 71.0, 'height': 475.3333333333333, 'width': 382.0}","{'height': 480, 'width': 854, 'mime_type': 'video/mp4'}",idpMyfZB8NY,https://www.youtube.com/watch?v=idpMyfZB8NY
cll74sxdi002s3o6ljm7imxsb,1741,left side,,Abnormal Gait,myopathic,"{'top': 4.0, 'left': 68.0, 'height': 475.0, 'width': 397.0}","{'height': 480, 'width': 854, 'mime_type': 'video/mp4'}",idpMyfZB8NY,https://www.youtube.com/watch?v=idpMyfZB8NY
cll74sxdi002s3o6ljm7imxsb,1742,left side,,Abnormal Gait,myopathic,"{'top': 3.923076923076923, 'left': 65.07692307692308, 'height': 475.1538461538462, 'width': 390.2307692307692}","{'height': 480, 'width': 854, 'mime_type': 'video/mp4'}",idpMyfZB8NY,https://www.youtube.com/watch?v=idpMyfZB8NY
cll74sxdi002s3o6ljm7imxsb,1743,left side,,Abnormal Gait,myopathic,"{'top': 3.846153846153846, 'left': 62.15384615384615, 'height': 475.30769230769226, 'width': 383.4615384615385}","{'height': 480, 'width': 854, 'mime_type': 'video/mp4'}",idpMyfZB8NY,https://www.youtube.com/watch?v=idpMyfZB8NY
cll74sxdi002s3o6ljm7imxsb,1744,left side,,Abnormal Gait,myopathic,"{'top': 3.769230769230769, 'left': 59.230769230769226, 'height': 475.46153846153845, 'width': 376.6923076923077}","{'height': 480, 'width': 854, 'mime_type': 'video/mp4'}",idpMyfZB8NY,https://www.youtube.com/watch?v=idpMyfZB8NY
cll74sxdi002s3o6ljm7imxsb,1745,left side,,Abnormal Gait,myopathic,"{'top': 3.692307692307692, 'left': 56.30769230769231, 'height': 475.61538461538464, 'width': 369.9230769230769}","{'height': 480, 'width': 854, 'mime_type': 'video/mp4'}",idpMyfZB8NY,https://www.youtube.com/watch?v=idpMyfZB8NY
cll74sxdi002s3o6ljm7imxsb,1746,left side,,Abnormal Gait,myopathic,"{'top': 3.615384615384615, 'left': 53.38461538461539, 'height': 475.7692307692307, 'width': 363.1538461538462}","{'height': 480, 'width': 854, 'mime_type': 'video/mp4'}",idpMyfZB8NY,https://www.youtube.com/watch?v=idpMyfZB8NY
cll74sxdi002s3o6ljm7imxsb,1747,left side,,Abnormal Gait,myopathic,"{'top': 3.538461538461538, 'left': 50.46153846153846, 'height': 475.9230769230769, 'width': 356.38461538461536}","{'height': 480, 'width': 854, 'mime_type': 'video/mp4'}",idpMyfZB8NY,https://www.youtube.com/watch?v=idpMyfZB8NY
cll74sxdi002s3o6ljm7imxsb,1748,left side,,Abnormal Gait,myopathic,"{'top': 3.461538461538461, 'left': 47.53846153846154, 'height': 476.0769230769231, 'width': 349.61538461538464}","{'height': 480, 'width': 854, 'mime_type': 'video/mp4'}",idpMyfZB8NY,https://www.youtube.com/watch?v=idpMyfZB8NY
cll74sxdi002s3o6ljm7imxsb,1749,left side,,Abnormal Gait,myopathic,"{'top': 3.384615384615384, 'left': 44.61538461538461, 'height': 476.2307692307693, 'width': 342.8461538461538}","{'height': 480, 'width': 854, 'mime_type': 'video/mp4'}",idpMyfZB8NY,https://www.youtube.com/watch?v=idpMyfZB8NY
cll74sxdi002s3o6ljm7imxsb,1750,left side,,Abnormal Gait,myopathic,"{'top': 3.307692307692307, 'left': 41.69230769230769, 'height': 476.38461538461536, 'width': 336.0769230769231}","{'height': 480, 'width': 854, 'mime_type': 'video/mp4'}",idpMyfZB8NY,https://www.youtube.com/watch?v=idpMyfZB8NY
cll74sxdi002s3o6ljm7imxsb,1751,left side,,Abnormal Gait,myopathic,"{'top': 3.230769230769231, 'left': 38.769230769230774, 'height': 476.53846153846155, 'width': 329.3076923076923}","{'height': 480, 'width': 854, 'mime_type': 'video/mp4'}",idpMyfZB8NY,https://www.youtube.com/watch?v=idpMyfZB8NY
cll74sxdi002s3o6ljm7imxsb,1752,left side,,Abnormal Gait,myopathic,"{'top': 3.153846153846153, 'left': 35.84615384615385, 'height': 476.69230769230774, 'width': 322.5384615384615}","{'height': 480, 'width': 854, 'mime_type': 'video/mp4'}",idpMyfZB8NY,https://www.youtube.com/watch?v=idpMyfZB8NY
cll74sxdi002s3o6ljm7imxsb,1753,left side,,Abnormal Gait,myopathic,"{'top': 3.076923076923076, 'left': 32.92307692307692, 'height': 476.8461538461538, 'width': 315.7692307692308}","{'height': 480, 'width': 854, 'mime_type': 'video/mp4'}",idpMyfZB8NY,https://www.youtube.com/watch?v=idpMyfZB8NY
cll74sxdi002s3o6ljm7imxsb,1754,left side,,Abnormal Gait,myopathic,"{'top': 3.0, 'left': 30.0, 'height': 477.0, 'width': 309.0}","{'height': 480, 'width': 854, 'mime_type': 'video/mp4'}",idpMyfZB8NY,https://www.youtube.com/watch?v=idpMyfZB8NY
cll74sxdi002s3o6ljm7imxsb,1755,left side,,Abnormal Gait,myopathic,"{'top': 3.0, 'left': 27.0, 'height': 477.0, 'width': 310.6666666666667}","{'height': 480, 'width': 854, 'mime_type': 'video/mp4'}",idpMyfZB8NY,https://www.youtube.com/watch?v=idpMyfZB8NY
cll74sxdi002s3o6ljm7imxsb,1756,left side,,Abnormal Gait,myopathic,"{'top': 3.0, 'left': 24.0, 'height': 477.0, 'width': 312.3333333333333}","{'height': 480, 'width': 854, 'mime_type': 'video/mp4'}",idpMyfZB8NY,https://www.youtube.com/watch?v=idpMyfZB8NY
cll74sxdi002s3o6ljm7imxsb,1757,left side,,Abnormal Gait,myopathic,"{'top': 3.0, 'left': 21.0, 'height': 477.0, 'width': 314.0}","{'height': 480, 'width': 854, 'mime_type': 'video/mp4'}",idpMyfZB8NY,https://www.youtube.com/watch?v=idpMyfZB8NY
cll74sxdi002s3o6ljm7imxsb,1758,left side,,Abnormal Gait,myopathic,"{'top': 3.0, 'left': 18.0, 'height': 477.0, 'width': 309.8}","{'height': 480, 'width': 854, 'mime_type': 'video/mp4'}",idpMyfZB8NY,https://www.youtube.com/watch?v=idpMyfZB8NY
cll74sxdi002s3o6ljm7imxsb,1759,left side,,Abnormal Gait,myopathic,"{'top': 3.0, 'left': 15.0, 'height': 477.0, 'width': 305.6}","{'height': 480, 'width': 854, 'mime_type': 'video/mp4'}",idpMyfZB8NY,https://www.youtube.com/watch?v=idpMyfZB8NY
cll74sxdi002s3o6ljm7imxsb,1760,left side,,Abnormal Gait,myopathic,"{'top': 3.0, 'left': 12.0, 'height': 477.0, 'width': 301.4}","{'height': 480, 'width': 854, 'mime_type': 'video/mp4'}",idpMyfZB8NY,https://www.youtube.com/watch?v=idpMyfZB8NY
cll74sxdi002s3o6ljm7imxsb,1761,left side,,Abnormal Gait,myopathic,"{'top': 3.0, 'left': 9.0, 'height': 477.0, 'width': 297.2}","{'height': 480, 'width': 854, 'mime_type': 'video/mp4'}",idpMyfZB8NY,https://www.youtube.com/watch?v=idpMyfZB8NY
cll74sxdi002s3o6ljm7imxsb,1762,left side,,Abnormal Gait,myopathic,"{'top': 3.0, 'left': 6.0, 'height': 477.0, 'width': 293.0}","{'height': 480, 'width': 854, 'mime_type': 'video/mp4'}",idpMyfZB8NY,https://www.youtube.com/watch?v=idpMyfZB8NY
cll74sxdi002s3o6ljm7imxsb,1763,left side,,Abnormal Gait,myopathic,"{'top': 3.0, 'left': 3.0, 'height': 477.0, 'width': 268.5}","{'height': 480, 'width': 854, 'mime_type': 'video/mp4'}",idpMyfZB8NY,https://www.youtube.com/watch?v=idpMyfZB8NY
cll74sxdi002s3o6ljm7imxsb,1764,left side,,Abnormal Gait,myopathic,"{'top': 3.0, 'left': 0.0, 'height': 477.0, 'width': 244.0}","{'height': 480, 'width': 854, 'mime_type': 'video/mp4'}",idpMyfZB8NY,https://www.youtube.com/watch?v=idpMyfZB8NY
